Inlet:

1 2 3 4 5 end

Outlet:

6 7 end

Branch:

8 9 10 11 12 13 14 16 17 18 19 20 21 22 23 24 25 end

Valve:

26 27 28 29 30 31 32 33 34 35 36 37 38 39 40 41 42 43 44 45 46 47 48 49 50 51 52 53 54 55 56 57 58 59 60 61 62 63 end

Edge:

1 47 0.002
2 48 0.002
3 49 0.002
4 54 0.002
5 55 0.002
6 61 0.002
7 63 0.002
8 26 0.001
8 27 0.004
8 30 0.004
9 28 0.004
9 29 0.001
9 35 0.004
10 36 0.001
10 37 0.004
10 40 0.004
11 39 0.001
11 38 0.004
11 44 0.004
12 13 0.002
12 45 0.001
12 46 0.001
13 14 0.002
13 47 0.001
14 48 0.002
14 49 0.001
16 50 0.001
16 51 0.001
16 17 0.002
17 52 0.001
17 18 0.002
18 53 0.001
18 19 0.002
19 54 0.001
19 55 0.001
20 56 0.001
20 22 0.004
20 22 0.004
21 57 0.001
21 23 0.004
21 23 0.004
22 58 0.001
23 59 0.001
24 60 0.001
24 61 0.001
24 25 0.002
25 62 0.001
25 63 0.001
26 46 0.008
27 28 0.004
29 51 0.008
30 31 0.003
31 32 0.0005
32 33 0.0005
33 34 0.0005
34 35 0.0035
36 45 0.004
37 38 0.004
39 50 0.004
40 41 0.0035
41 42 0.0005
42 43 0.0005
43 44 0.0035
52 56 0.002
53 57 0.002
58 60 0.002
59 62 0.004
end

CChannel:

1 47 53 62
2 48 54 63
3 49 55
4 46 52 61
5 45 51
6 36 26
7 37 27
8 40 30
9 41 42 43 31 32 33 34
10 44 35
11 38 28
12 39 29
13 50 60
14 56 57
15 58 59
end
